
![wpn_sks_molot]
fuzz_recoil=wpn_sks_molot_fuzz_recoil
[wpn_sks_molot_fuzz_recoil]
cam_max_angle=0.99989998340607
force_z=0.0066000004298985
force_yaw=8.5800001144409
shot_delay_time=0.093999996781349
pull_force=0.98000001907349
shot_cam_impulse_factor=0.44999998807907
handling_speed=0.30000001192093
burst_class=other
desync_hud=false
cam_recoil_power=2.3599998950958
force_y=-0.033700000494719
is_bolt_action=false
force_x=0.0015000000130385
pitch_frac=1
zoom_ratio=0.81249994039536
shot_delay_enabled=true
cam_return_speed=0.18000000715256
force_pitch=8.2000007629395
fire_interval=0.17142857142857
firing_damping=1
